<locations.xml>
	<bookmark>
		<name>	HDR_Shot	</name>
		<view>
			<row0>	-0.330649 0.009435 0.943706	</row0>
			<row1>	0.000000 0.999950 -0.009997	</row1>
			<row2>	-0.943753 -0.003305 -0.330633	</row2>
			<row3>	11.266219 -40.329765 36.176949	</row3>
		</view>
	</bookmark>
	<bookmark>
		<name>	1	</name>
		<view>
			<row0>	0.733194 -0.006802 0.679985	</row0>
			<row1>	-0.000000 0.999950 0.010003	</row1>
			<row2>	-0.680019 -0.007334 0.733158	</row2>
			<row3>	37.207634 -20.730402 -0.665653	</row3>
		</view>
	</bookmark>
	<bookmark>
		<name>	B_Isl_top	</name>
		<view>
			<row0>	0.3443 -0.5909 -0.7296	</row0>
			<row1>	-0.0000 0.7771 -0.6294	</row1>
			<row2>	0.9389 0.2167 0.2675	</row2>
			<row3>	271.1166 -205.3765 -169.5010	</row3>
		</view>
	</bookmark>
	<bookmark>
		<name>	Top_2	</name>
		<view>
			<row0>	0.9995 0.0003 0.0306	</row0>
			<row1>	-0.0000 0.9999 -0.0108	</row1>
			<row2>	-0.0306 0.0108 0.9995	</row2>
			<row3>	411.1226 -12.1585 210.7085	</row3>
		</view>
	</bookmark>
</locations.xml>
